id: c63aecb41bfdfd6b7e1fac37c7cbe7bf
hardware_id: camera/imu
sensor_type: IMU
sigmas:
  gyro_noise_density: 2.3220154778317275e-03
  gyro_bias_random_walk_noise_density: 1.7982958907276115e-05
  acc_noise_density: 2.0285060826919065e-02
  acc_bias_random_walk_noise_density: 4.7319936547417403e-04
saturation_accel_max_mps2: 150.0
saturation_gyro_max_radps: 7.5
gravity_magnitude_mps2: 9.81
